58877
83109
32872
91828
96769
70763
65486
12938
52537
57409
30104
15977
49712
961
4714
74573
88452
82885
65192
64824
88313
90270
37066
32489
98633
73776
27171
54339
50182
90952
60313
84410
71968
17363
74474
74793
57935
64002
12252
45814
63937
83456
11966
47527
88595
17358
92658
39047
50737
78518
46190
26442
51470
80406
56473
48183
3535
28774
44405
11294
71164
86038
58066
84340
11493
32042
10969
11516
23985
78249
25744
77042
83107
23517
61894
42820
11300
56373
182
48191
6727
33965
98645
94645
17590
73732
64811
77384
70801
2926
52281
77751
20987
36908
65711
7259
82017
90593
41657
25140
50197
77666
66557
28952
53959
38746
615
98936
1776
69633
67307
47134
89626
31540
45087
61425
64617
74079
64601
41957
82134
86908
68607
63704
43826
58038
26874
57753
54346
91139
98632
57311
48053
39223
15895
28763
88256
24997
56540
62475
16210
14366
33273
21744
59411
69971
4949
37598
24309
4117
13018
77327
79786
94076
87073
49594
58503
88079
20560
3667
32086
32530
34735
55676
52328
49084
62016
60157
42479
44016
86527
64936
95985
9228
90793
20312
65467
9729
63789
22699
17410
87640
88768
9333
77310
41388
43155
19648
6266
22772
29000
60652
35733
6421
264
73447
21911
87816
75776
12763
63044
42218
31935
29050
68191
68549
94779
59877
71061
94288
15720
77130
94972
22953
28063
84165
99215
1498
12849
4838
25354
83303
30881
80067
70318
19774
11929
61575
27703
24623
2181
49583
30260
72831
48531
45767
6971
85441
89061
61961
39146
31914
47233
4556
30836
66945
9612
63531
59490
99106
3821
12989
9172
90048
62794
59803
17731
54022
47618
21113
114
69614
15487
21605
63524
18559
41877
89732
36384
2189
64414
70063
19806
62239
97536
89773
40567
5885
35282
54582
68674
72617
58163
27299
35304
17499
35258
33996
27754
50044
99429
28545
35942
53804
9799
35727
4950
92055
60059
85966
29133
81338
85392
30191
2792
58067
62648
37560
1630
18737
53955
11405
85156
36896
91741
23303
14978
74560
41309
59577
79878
14985
47585
34867
9835
61563
11400
80166
753
42858
37201
80701
64718
48822
33756
10975
42311
5355
10546
50578
69162
87367
23766
80862
28011
38083
58851
36238
56145
28132
10368
5328
56500
92272
55303
24002
60205
42441
42036
71259
95411
9803
10216
11166
58549
33756
2088
55150
59206
99862
47963
88742
737
38893
47071
17689
54695
2543
64070
84207
21167
40357
14090
53495
76145
59843
38576
31669
82850
47469
31099
53813
42149
99732
42337
39862
4740
90238
76776
85579
42090
66215
37484
56973
49203
14436
27916
88155
75377
64428
18499
21756
29088
91281
22717
40145
97867
58936
86982
57176
62567
59335
57190
80127
91776
59308
37787
96676
29445
67714
15477
82138
55559
71737
69814
10762
86916
62949
35735
63326
66303
8057
58987
33538
85448
28879
61677
41313
39067
2165
94771
54560
58808
12176
43816
32589
37044
45663
67388
59209
90849
53432
46838
59423
75764
76708
17153
7679
8235
95694
66629
76420
66889
94534
87045
67129
9056
44324
55675
91102
48566
87240
97
29487
17721
37774
2673
52583
91270
73377
49847
36486
72131
48033
19042
73464
1560
82665
39746
43596
29459
40163
3607
21903
35776
10049
45086
97819
68758
55638
50624
90636
25504
99824
91389
59195
4756
27361
10817
97325
63411
28108
87794
74410
25411
70249
14731
4197
63182
85364
40349
29992
56595
43759
94547
51297
43813
73058
67051
93503
17851
29994
24699
7962
54372
20362
10154
30247
61543
18642
22496
1318
16475
21474
37655
22565
55322
71345
39307
60673
72097
35489
59728
84509
16076
80037
98056
49442
23204
29070
47937
88891
46913
28770
64499
76180
45223
68823
22351
65515
29037
41446
4596
35354
15304
31271
97167
75188
1249
54521
85407
68148
97146
48831
8444
58833
3311
48010
99120
41824
92378
28416
99574
22349
20817
17521
44197
69232
10038
38605
89159
65532
24586
56537
10249
39212
2449
33704
1171
11326
31765
84923
66431
81623
50905
21392
87067
78401
46361
31222
30470
11194
87746
27257
475
75241
71095
71157
29681
39495
53241
34623
79763
54082
5651
24818
68343
82956
55393
51122
44000
54565
57754
99295
86992
50482
15484
4744
23135
84019
31186
7647
4824
13913
61789
72284
38878
79777
3895
74345
1308
47003
34516
4245
3067
90610
24666
11672
71792
67874
97702
41149
56616
10935
30880
90410
29850
25615
51951
37609
10186
46398
39957
87224
18147
97531
83332
1424
13748
65933
82312
71690
58581
37760
78069
68811
35776
27747
35895
70199
94114
51572
95167
36806
5648
65898
91312
35000
33104
9984
19676
25570
62495
61386
11504
81483
34392
63810
10484
46782
95548
40447
33846
84184
71705
81580
38145
80930
62473
87530
45745
13198
18124
80847
1834
73831
71941
9719
53344
554
30799
70783
67917
40341
10597
22563
15310
53543
74819
8609
49852
18942
17983
51393
84368
31290
96125
29400
35431
43361
314
65680
13790
6063
92725
57669
37773
97848
94498
73291
83590
98603
71148
78194
11298
49174
76950
61882
65887
11150
66906
75407
57472
41289
13168
94117
43109
80732
45457
31662
23789
82931
65006
16371
43078
70679
5186
74397
2029
50791
67286
79360
16602
68415
95800
30846
39277
43519
70976
15475
8651
97042
9269
83336
54573
47480
85646
49371
18498
98830
59281
72057
82420
77750
95903
80126
69492
88411
95236
27298
99069
3707
21493
76489
11814
534
76592
53726
83081
23010
35283
67627
47000
56261
62971
74272
88600
6469
70881
13567
77580
93055
84556
85329
74946
89061
80920
47481
69597
50232
71744
1578
58427
21058
10509
41731
69701
84501
67267
20477
96941
67904
32405
78709
63001
8460
56538
89761
98195
28527
15658
59717
10493
55674
15747
79854
49682
29226
8313
14491
39640
25048
6411
12004
70607
82878
47530
88713
34138
48147
7369
97676
80352
82320
27588
36227
15087
17352
63241
52106
69745
56569
28252
6909
4183
95237
87591
36390
78429
69258
40939
82320
62822
24326
60504
66696
16190
80283
62013
19431
24939
53418
46365
28712
46108
87438
12152
99159
35446
11862
47910
72930
57720
34174
39460
22777
70364
94084
17325
91804
20603
23719
87781
56804
85820
96955
59535
10355
85918
68811
3380
41125
56072
27938
92594
8512
6273
98588
17798
17384
92442
17834
41713
9104
99341
78394
35932
48205
1694
53821
33535
3983
93265
42444
60982
82523
56276
69035
3799
83820
