73081
30469
18249
7024
73999
9449
79222
7584
54061
32341
38804
8039
49805
55808
11771
17503
1347
35703
22888
65868
40244
68295
83267
223
5947
97446
26669
30130
14752
1565
71377
9841
62592
51151
6197
526
83410
86261
48549
41551
57021
75476
51533
11909
75930
15297
12342
94974
31825
23409
44136
91919
42202
9042
37601
78241
32448
48783
3568
12428
98044
91174
32472
71674
69686
49666
45432
75679
68606
7097
93393
17439
42445
62219
26418
98686
8835
93458
21253
63127
64610
69308
21096
86881
18940
91808
6273
22307
39401
87718
34056
11917
32073
7888
29846
52753
73131
79559
92520
69278
49093
83640
8186
89924
3655
45801
5540
55902
13248
15306
55206
24690
71917
64521
59093
5387
96317
80874
31370
62085
1048
92320
37619
16275
69443
93680
39896
82545
75609
83335
12913
71277
38022
97242
63398
77906
27360
18798
11738
71581
66309
74330
5277
64431
5361
54332
38071
39596
99740
83106
52627
58562
29554
18549
94355
61883
4171
64115
50079
31301
57975
72596
18209
21858
7964
76196
38166
18545
71606
98406
55861
26894
99326
46993
39853
15600
2215
51008
28229
91081
77721
32338
87308
47650
38207
17844
4824
97823
69390
50526
62914
92057
15842
26225
91813
10241
21201
99199
42295
53806
37032
36889
51100
70348
40860
50419
11496
46430
6000
56175
29678
67546
86196
19744
58242
92187
73598
9725
89310
67610
31470
66086
78988
96232
43821
55264
76028
49268
53436
6088
76732
32839
26
37305
74028
38610
70555
92550
37873
16698
39576
42755
74455
20456
85461
78870
74167
15412
36108
59571
68339
60473
25409
40130
49348
48
3260
96018
43372
26972
50659
7500
71478
34707
89240
7004
83711
6774
96442
39411
21002
46116
76673
10164
12401
60245
8540
23673
27657
11806
38108
32738
50544
53572
27298
1385
42496
83419
41512
28270
95914
83041
20941
73790
93431
6117
21961
6211
30406
76479
90686
95989
90620
41593
17206
44536
43591
14483
81576
76131
27686
24937
64512
3528
23561
31532
76045
91558
65276
46689
28195
37919
31611
6214
91890
52654
48679
93929
62186
54388
12635
1474
55485
18281
87343
99668
34740
80366
30835
89443
34166
20783
80053
80730
28340
82986
67779
32810
75934
55521
86332
75152
59514
55054
12403
73179
12840
70151
94765
69022
3346
55312
99884
64555
3671
76473
33613
95240
5596
55123
40569
77789
34248
35064
57913
25568
23162
63705
67791
26271
93946
78596
45775
79076
12327
2944
86201
12701
30491
31159
16240
13036
30435
11678
79619
10563
97994
40561
62776
9387
78880
35641
82031
15725
63418
4555
46534
7302
88672
52232
66933
43333
56908
16958
75262
62220
90014
31844
39002
94105
23496
41299
14276
25331
72486
78362
62730
52829
47673
58427
63034
96063
69483
37187
46429
54681
39242
28942
66693
68561
51720
15613
13595
58362
93943
61119
24531
73564
34093
88299
43849
44173
63459
30607
79821
56181
19386
28966
59258
42648
56299
56368
64190
97914
45214
40604
81786
99466
13828
74037
84881
59440
32925
80840
82112
47872
28728
86129
82104
26570
93067
44388
87918
73434
83003
75347
8812
53555
20751
22069
21187
46435
86520
14502
82718
30211
66821
63504
36413
81049
3584
10372
8743
32594
86681
41718
9508
63256
30270
44106
40048
79129
6202
14740
9965
94824
75583
32411
95528
8663
52651
24287
48840
14851
36472
2975
42698
25140
36540
16
66955
27288
9743
87318
55111
71469
91182
72126
52328
89876
82872
93957
49950
30386
66103
79342
56855
74985
92442
9084
10334
42525
12529
32303
3913
31957
87407
78598
11333
13341
63808
94418
9427
68102
22289
33827
99089
35737
46929
68137
30980
87714
10622
52392
65909
98670
81574
9317
70097
90030
89758
18527
24719
19459
82190
34715
59243
64326
50834
47725
16795
21590
44242
86948
50773
17584
81765
93869
27662
20251
58896
56371
55195
79604
72862
24534
84862
56724
63299
10761
32472
82816
68106
637
80436
94920
41738
78365
66438
14439
6269
63763
82907
97764
49050
80940
878
63436
49290
45964
58754
41811
63659
30543
89279
25847
95344
18660
1782
28725
10134
15597
78243
45937
7351
32415
87074
73516
77854
8369
31563
78637
42139
4227
33802
48903
29657
75258
21375
28077
33372
26648
34534
95820
11102
1215
37601
85932
38811
23115
20794
89693
59006
4919
87056
48131
31686
39256
39837
86403
31810
26229
95775
17816
45578
74814
59976
88790
64675
57572
86872
40599
16919
18212
80874
80481
39830
97584
9231
60621
11152
18053
85859
28273
28901
98055
30679
5428
18089
11286
2405
49002
15334
35786
87958
74788
91633
55463
79386
92531
29119
20867
50328
78112
5064
25543
15802
65309
96201
71468
36377
21152
61071
50975
66748
40629
42043
24069
79787
971
7145
45241
97915
92108
62549
94815
18719
50530
4442
38420
66737
18378
11387
34370
56796
99739
42603
18912
99479
90242
80089
58892
82945
28488
86825
10762
17690
54631
62976
18226
91646
48026
99532
84023
18909
30414
79565
52018
84312
24038
55242
10416
28280
63883
93382
82104
32281
87180
86927
24217
65578
77726
72781
35330
25958
65564
7487
12798
87813
43433
817
21624
7600
50344
9371
57968
42964
31324
20095
45826
7297
52365
17215
77180
55255
67440
88186
33773
20238
61877
67060
58977
2863
57079
72402
20223
84564
36356
49040
69740
33137
98633
97955
54400
44729
64065
94749
58731
48425
76333
14922
89936
80944
97922
81225
44456
18008
36984
98390
58694
90637
45886
73887
77394
18087
66342
29095
76628
99342
76267
44380
14371
29608
29658
71045
24990
38899
32370
87178
80526
85005
91868
69386
70797
18891
2768
75735
18748
88894
88848
33818
21994
81207
66353
54814
92376
2297
47835
11869
88963
114
96139
7204
88774
6539
28389
97768
63730
26635
96227
41961
63712
64863
6381
67186
82810
50285
10075
1312
67149
3273
106
58919
37230
76501
24475
92835
57901
5302
4289
95587
14547
2917
64253
59861
34273
73551
39381
69445
18419
6075
36669
52193
81736
19170
57642
43118
71428
15804
15698
61747
50715
87249
3709
52336
95595
661
71200
27602
11334
39904
90633
34766
48396
74758
23861
35630
47525
52491
20414
20771
26336
55221
76339
19787
49102
16403
81983
8663
96631
872
50174
64928
94523
8995
3181
17585
91704
51316
13172
1047
8406
65481
82526
54951
51674
37078
13029
33733
79926
219
63043
75733
36485
52622
85549
96150
810
27338
65406
