97
114
182
214
264
314
475
534
554
611
615
665
737
753
961
1171
1213
1249
1308
1318
1323
1326
1366
1420
1424
1455
1498
1560
1578
1590
1624
1630
1639
1666
1694
1756
1776
1791
1801
1831
1834
2029
2088
2103
2107
2160
2165
2181
2189
2247
2449
2496
2543
2673
2744
2792
2865
2883
2926
3067
3242
3311
3318
3327
3380
3535
3607
3626
3664
3667
3679
3707
3799
3821
3889
3895
3983
4117
4183
4197
4201
4245
4318
4495
4505
4550
4556
4596
4606
4714
4740
4744
4756
4800
4824
4838
4934
4949
4950
5100
5186
5278
5292
5314
5328
5333
5355
5452
5564
5584
5613
5648
5651
5810
5885
5937
5997
6063
6102
6113
6266
6273
6296
6411
6421
6424
6469
6727
6738
6777
6831
6861
6867
6909
6925
6971
7257
7259
7300
7369
7443
7489
7551
7620
7647
7679
7757
7962
8035
8057
8160
8192
8235
8313
8374
8444
8447
8460
8496
8512
8530
8609
8651
8685
8717
8868
8928
8945
9054
9056
9104
9129
9167
9172
9228
9232
9269
9333
9370
9399
9457
9458
9612
9707
9719
9729
9758
9799
9803
9835
9873
9984
10038
10049
10062
10067
10131
10154
10186
10216
10249
10262
10269
10286
10303
10353
10355
10368
10457
10461
10484
10493
10509
10527
10546
10597
10762
10766
10817
10935
10969
10975
11066
11150
11166
11194
11201
11262
11272
11294
11298
11300
11326
11327
11400
11405
11493
11504
11516
11672
11674
11814
11862
11916
11929
11966
11979
11980
12004
12074
12152
12176
12252
12265
12658
12728
12738
12763
12849
12938
12989
12990
13018
13101
13168
13198
13394
13493
13518
13567
13635
13663
13725
13748
13790
13857
13913
13974
14049
14077
14090
14161
14184
14246
14271
14290
14366
14410
14436
14491
14531
14731
14916
14948
14965
14978
14985
15039
15087
15155
15222
15228
15228
15274
15304
15310
15327
15338
15423
15475
15477
15484
15487
15524
15534
15613
15626
15658
15691
15720
15747
15791
15886
15895
15977
16076
16102
16190
16210
16371
16390
16434
16472
16475
16548
16602
16621
16805
16930
16951
16972
17057
17091
17153
17186
17205
17325
17344
17352
17358
17363
17384
17410
17448
17499
17521
17571
17590
17623
17629
17678
17689
17721
17731
17798
17834
17851
17894
17983
17998
18078
18124
18147
18257
18476
18478
18498
18499
18544
18559
18574
18642
18737
18901
18942
19042
19280
19356
19431
19589
19648
19676
19774
19806
19981
20036
20048
20247
20312
20362
20469
20475
20477
20520
20560
20603
20650
20797
20817
20987
21058
21081
21106
21113
21166
21167
21206
21297
21333
21392
21448
21471
21474
21493
21605
21622
21744
21756
21784
21903
21911
21916
21959
22002
22064
22099
22215
22242
22255
22349
22351
22354
22392
22496
22563
22565
22640
22641
22699
22710
22717
22746
22768
22772
22777
22926
22948
22953
22976
22980
23010
23135
23204
23227
23303
23339
23392
23517
23719
23735
23766
23789
23795
23985
24002
24258
24285
24309
24321
24326
24360
24586
24623
24663
24666
24699
24818
24885
24939
24997
25048
25068
25081
25140
25238
25354
25411
25426
25503
25504
25516
25550
25570
25579
25615
25704
25744
25849
25878
25961
26020
26030
26157
26379
26442
26515
26540
26592
26618
26832
26839
26848
26854
26871
26874
26935
27113
27171
27257
27298
27299
27356
27361
27494
27545
27588
27676
27703
27747
27754
27906
27916
27932
27938
28011
28063
28108
28132
28133
28252
28299
28371
28416
28421
28445
28527
28545
28583
28712
28763
28770
28774
28808
28842
28879
28952
28959
29000
29037
29050
29070
29075
29088
29133
29226
29248
29302
29400
29409
29445
29459
29487
29585
29650
29681
29850
29992
29993
29994
30047
30104
30156
30164
30180
30191
30247
30260
30267
30353
30470
30600
30688
30781
30799
30836
30846
30880
30881
31086
31099
31115
31132
31169
31186
31222
31271
31290
31352
31384
31429
31446
31540
31540
31572
31632
31662
31669
31705
31736
31765
31857
31877
31902
31914
31935
31938
31968
32042
32081
32086
32399
32405
32413
32429
32458
32489
32530
32572
32589
32645
32678
32872
32922
33031
33067
33074
33077
33104
33273
33530
33535
33538
33611
33704
33734
33756
33756
33785
33846
33879
33905
33965
33996
34016
34138
34168
34174
34392
34483
34516
34610
34623
34735
34867
34915
34927
35000
35064
35101
35123
35191
35258
35282
35283
35304
35342
35354
35431
35446
35489
35517
35602
35704
35727
35733
35735
35776
35776
35853
35895
35921
35932
35942
36024
36027
36061
36101
36227
36238
36298
36308
36334
36384
36390
36486
36487
36513
36565
36615
36685
36698
36762
36806
36896
36908
36974
37038
37044
37066
37091
37105
37201
37484
37529
37560
37598
37609
37616
37655
37671
37683
37703
37760
37773
37774
37787
37900
37922
38057
38083
38145
38230
38243
38258
38492
38576
38590
38605
38663
38704
38746
38844
38878
38887
38893
38954
39002
39047
39067
39070
39072
39095
39129
39146
39212
39214
39223
39249
39251
39277
39307
39334
39395
39400
39408
39460
39495
39507
39512
39520
39601
39640
39746
39775
39795
39804
39862
39867
39870
39957
40114
40145
40163
40259
40341
40349
40357
40368
40435
40447
40471
40500
40567
40589
40634
40701
40757
40817
40842
40889
40914
40914
40939
41125
41149
41289
41307
41309
41313
41322
41388
41446
41650
41652
41657
41713
41731
41824
41837
41862
41877
41947
41957
41965
41994
42036
42090
42149
42218
42260
42265
42311
42320
42330
42337
42441
42444
42479
42480
42635
42702
42702
42820
42858
42871
42895
43025
43078
43109
43138
43155
43361
43476
43480
43481
43502
43507
43519
43596
43759
43777
43813
43816
43826
43832
43835
44000
44016
44143
44164
44168
44168
44197
44324
44333
44377
44405
44430
44631
44841
45086
45087
45204
45223
45263
45389
45457
45606
45663
45693
45745
45754
45767
45789
45814
45822
45930
45982
46108
46135
46176
46190
46212
46361
46365
46398
46425
46498
46517
46607
46610
46618
46751
46782
46782
46838
46913
47000
47003
47071
47112
47134
47233
47275
47320
47342
47370
47389
47453
47469
47480
47481
47497
47519
47527
47530
47585
47618
47641
47684
47694
47831
47845
47910
47937
47963
48010
48025
48033
48053
48071
48147
48183
48191
48203
48205
48325
48335
48391
48393
48438
48446
48531
48566
48597
48598
48667
48671
48822
48831
49084
49158
49174
49203
49346
49371
49403
49403
49442
49460
49508
49528
49542
49583
49592
49594
49682
49712
49789
49792
49847
49852
49945
50044
50052
50117
50124
50182
50197
50232
50482
50512
50578
50588
50624
50630
50634
50722
50737
50780
50791
50822
50905
50931
50953
50955
51009
51037
51091
51091
51122
51220
51297
51393
51470
51495
51513
51572
51578
51599
51628
51655
51672
51693
51736
51803
51812
51850
51951
52000
52106
52228
52270
52281
52328
52390
52444
52518
52519
52537
52583
52607
52690
52801
52808
52842
52974
53241
53282
53304
53344
53388
53418
53432
53495
53543
53580
53610
53726
53804
53813
53821
53869
53877
53955
53959
54022
54082
54256
54297
54339
54346
54372
54399
54521
54524
54560
54565
54573
54582
54629
54669
54695
54778
54798
54939
55050
55108
55150
55228
55303
55316
55322
55393
55515
55559
55605
55638
55674
55675
55676
56058
56072
56145
56188
56261
56276
56302
56334
56362
56373
56426
56450
56473
56500
56537
56538
56540
56569
56595
56598
56616
56679
56705
56737
56804
56814
56844
56973
57037
57091
57176
57190
57223
57311
57409
57472
57542
57546
57624
57624
57669
57701
57720
57730
57753
57754
57935
58038
58066
58067
58163
58178
58400
58402
58404
58412
58427
58446
58473
58503
58549
58581
58808
58833
58848
58851
58877
58936
58987
59082
59195
59206
59209
59271
59281
59308
59335
59361
59389
59411
59423
59490
59515
59535
59577
59605
59626
59638
59675
59717
59728
59786
59803
59843
59877
59969
60016
60059
60088
60110
60148
60157
60205
60232
60266
60313
60455
60504
60652
60673
60747
60763
60831
60837
60875
60982
61154
61238
61298
61386
61403
61425
61506
61543
61563
61575
61677
61692
61789
61882
61894
61929
61956
61961
61980
62004
62004
62013
62016
62016
62147
62167
62239
62473
62475
62495
62499
62503
62560
62567
62648
62664
62734
62794
62822
62822
62915
62930
62949
62971
63001
63040
63044
63055
63055
63067
63182
63241
63326
63332
63392
63411
63524
63531
63638
63704
63789
63810
63937
64002
64070
64159
64161
64199
64230
64410
64414
64428
64433
64499
64516
64569
64601
64602
64617
64718
64763
64811
64824
64904
64904
64936
65006
65018
65192
65424
65427
65430
65438
65440
65451
65467
65470
65486
65515
65532
65601
65680
65711
65757
65798
65887
65887
65898
65933
66010
66166
66215
66264
66294
66297
66303
66378
66422
66431
66453
66522
66542
66557
66629
66696
66889
66906
66945
66947
66956
66983
67051
67099
67106
67129
67140
67261
67267
67286
67307
67321
67388
67515
67519
67627
67687
67714
67821
67874
67904
67912
67917
67975
68063
68148
68191
68343
68415
68549
68607
68659
68674
68758
68811
68811
68823
68890
68896
69035
69115
69136
69162
69232
69242
69258
69414
69492
69597
69614
69628
69633
69701
69721
69745
69770
69792
69814
69971
69990
70063
70155
70199
70249
70314
70318
70364
70387
70418
70423
70446
70502
70607
70679
70763
70783
70801
70881
70976
71012
71061
71095
71148
71157
71164
71227
71235
71259
71345
71462
71594
71690
71705
71737
71744
71792
71941
71968
71992
72001
72057
72097
72131
72259
72272
72284
72494
72532
72534
72572
72599
72617
72663
72831
72904
72930
72966
73058
73134
73291
73377
73447
73464
73501
73657
73720
73732
73776
73831
73883
74041
74074
74077
74079
74267
74272
74323
74345
74397
74410
74474
74542
74553
74560
74573
74581
74647
74680
74758
74793
74819
74913
74946
75035
75115
75188
75241
75337
75377
75377
75407
75743
75764
75776
75794
75842
75939
75946
76145
76180
76302
76342
76378
76420
76430
76450
76489
76544
76592
76701
76708
76776
76871
76899
76950
76992
77033
77042
77130
77161
77192
77268
77310
77311
77327
77359
77370
77384
77398
77462
77553
77568
77580
77602
77666
77704
77750
77751
77809
77816
77903
78002
78069
78194
78216
78223
78249
78379
78394
78401
78428
78429
78451
78518
78540
78544
78552
78709
78758
78767
78808
78823
79096
79180
79195
79230
79264
79323
79360
79374
79375
79690
79763
79777
79786
79854
79878
80002
80037
80067
80126
80127
80166
80251
80283
80339
80352
80368
80406
80426
80572
80701
80713
80732
80818
80824
80839
80842
80847
80862
80920
80930
80945
81053
81153
81309
81338
81483
81569
81580
81621
81623
81870
81994
82017
82040
82076
82134
82138
82312
82320
82320
82353
82420
82523
82621
82665
82680
82797
82850
82878
82885
82931
82956
83011
83080
83081
83107
83107
83109
83139
83167
83185
83199
83216
83250
83258
83267
83303
83332
83336
83456
83524
83590
83706
83747
83820
83920
83944
84019
84071
84095
84122
84165
84184
84207
84339
84340
84368
84410
84501
84509
84532
84541
84556
84643
84923
85009
85063
85156
85254
85329
85364
85392
85407
85441
85448
85496
85579
85641
85646
85651
85785
85820
85840
85918
85966
86038
86104
86160
86457
86480
86527
86569
86646
86685
86782
86908
86916
86982
86992
87045
87067
87073
87224
87240
87330
87367
87376
87427
87438
87478
87530
87591
87640
87746
87749
87781
87794
87816
87861
87881
88041
88056
88079
88155
88256
88313
88411
88416
88452
88527
88578
88595
88600
88713
88742
88768
88891
88934
89052
89061
89061
89104
89159
89166
89188
89362
89401
89626
89637
89732
89735
89761
89773
89863
89900
89907
90048
90102
90167
90238
90270
90410
90445
90508
90593
90610
90636
90692
90693
90732
90793
90849
90952
91055
91102
91104
91139
91173
91195
91216
91255
91270
91281
91312
91389
91567
91611
91741
91776
91804
91821
91826
91828
92055
92100
92171
92182
92272
92378
92379
92442
92485
92515
92594
92624
92658
92708
92725
92812
92887
93055
93143
93265
93267
93421
93468
93503
93530
93665
93672
93903
93962
94066
94076
94084
94114
94117
94157
94241
94288
94468
94498
94534
94547
94645
94681
94771
94779
94899
94950
94965
94972
95066
95167
95190
95236
95237
95255
95367
95411
95442
95450
95474
95548
95667
95694
95800
95864
95901
95903
95985
96017
96125
96247
96373
96557
96676
96765
96768
96769
96788
96790
96941
96955
97003
97004
97042
97109
97146
97167
97194
97325
97452
97531
97536
97676
97683
97702
97819
97848
97867
98056
98192
98195
98272
98340
98460
98484
98560
98588
98603
98632
98633
98641
98645
98674
98830
98877
98936
98958
99069
99092
99106
99120
99159
99171
99215
99295
99341
99429
99435
99574
99686
99704
99712
99717
99732
99744
99768
99772
99824
99862
